epoch: 1, 3200/10800, loss: 23501.2265625
epoch: 1, 6400/10800, loss: 15500.955078125
epoch: 1, 9600/10800, loss: 14975.658203125
